1 9 0.001218
1 10 0.002192
1 4 0.002192
2 9 0.010959
3 5 0.010959
4 1 0.002192
4 9 0.002739
5 9 0.005479
5 3 0.010959
5 12 0.003653
6 9 0.003653
7 9 0.003653
8 12 0.010959
9 1 0.001218
9 2 0.010959
9 4 0.002739
9 5 0.005479
9 6 0.003653
9 7 0.003653
9 10 0.002739
9 12 0.002192
10 1 0.002192
10 9 0.002739
12 8 0.010959
12 9 0.002192
12 5 0.003653
14 28 0.010959
15 19 0.010959
16 28 0.005479
17 21 0.003653
18 28 0.005479
19 20 0.010959
19 29 0.010959
19 30 0.010959
19 15 0.010959
20 19 0.010959
21 25 0.005479
21 17 0.003653
22 28 0.001826
25 26 0.001826
25 21 0.005479
25 31 0.009779
26 25 0.001826
28 14 0.010959
28 16 0.005479
28 18 0.005479
28 22 0.001826
28 29 0.005479
28 31 0.00135
29 19 0.010959
29 28 0.005479
30 19 0.010959
31 25 0.009779
31 28 0.00135
