35 0 0.001218
35 22 0.002192
35 24 0.002192
7 0 0.010959
15 16 0.010959
24 35 0.002192
24 0 0.002739
16 0 0.005479
16 15 0.010959
16 26 0.003653
19 0 0.003653
20 0 0.003653
21 26 0.010959
0 35 0.001218
0 7 0.010959
0 24 0.002739
0 16 0.005479
0 19 0.003653
0 20 0.003653
0 22 0.002739
0 26 0.002192
22 35 0.002192
22 0 0.002739
26 21 0.010959
26 0 0.002192
26 16 0.003653
12 9 0.010959
13 10 0.010959
11 9 0.005479
2 27 0.003653
14 9 0.005479
10 8 0.010959
10 17 0.010959
10 18 0.010959
10 13 0.010959
8 10 0.010959
27 30 0.005479
27 2 0.003653
28 9 0.001826
30 29 0.001826
30 27 0.005479
30 31 0.009779
29 30 0.001826
9 12 0.010959
9 11 0.005479
9 14 0.005479
9 28 0.001826
9 17 0.005479
9 31 0.00135
17 10 0.010959
17 9 0.005479
18 10 0.010959
31 30 0.009779
31 9 0.00135
