0 1 0.00145082418472
0 3 0.0014145535801
0 9 0.0014145535801
0 15 0.00171461040012
0 16 0.0014145535801
0 18 0.00138005227327
0 19 0.00171461040012
0 20 0.00188607144014
0 21 0.00217623627708
0 22 0.00176819197513
0 24 0.00171461040012
0 25 0.00217623627708
0 26 0.00195110838635
0 30 0.00148900376853
0 31 0.00148900376853
1 2 0.00148900376853
1 3 0.00161663266297
1 8 0.00176819197513
1 11 0.00138005227327
1 13 0.00176819197513
1 14 0.00145082418472
1 15 0.00157172620011
1 17 0.00188607144014
1 18 0.00188607144014
1 21 0.00145082418472
1 22 0.00182523042594
1 23 0.00148900376853
1 24 0.0032651771243
1 26 0.00157172620011
1 27 0.00166418068247
1 28 0.00161663266297
1 30 0.00171461040012
1 31 0.00195110838635
2 1 0.00148900376853
2 3 0.00182523042594
2 8 0.00202079082872
2 11 0.00209563493349
2 13 0.00202079082872
2 14 0.00195110838635
2 17 0.00188607144014
2 18 0.00176819197513
2 23 0.00166418068247
2 24 0.00148900376853
2 27 0.0014145535801
2 28 0.00138005227327
2 30 0.00152924711362
2 31 0.00209563493349
7 1 0.00195110838635
7 3 0.00188607144014
7 9 0.00157172620011
7 10 0.00138005227327
7 12 0.00202079082872
7 13 0.00161663266297
7 15 0.00161663266297
7 16 0.00148900376853
7 17 0.00161663266297
7 18 0.00152924711362
7 19 0.00161663266297
7 20 0.00166418068247
7 21 0.00148900376853
7 22 0.00202079082872
7 23 0.00145082418472
7 24 0.00161663266297
7 25 0.00157172620011
7 26 0.00171461040012
7 28 0.0014145535801
7 29 0.00161663266297
7 30 0.00157172620011
7 31 0.00148900376853
8 1 0.00176819197513
8 2 0.00202079082872
8 3 0.00171461040012
8 11 0.00182523042594
8 13 0.00202079082872
8 14 0.00182523042594
8 15 0.0014145535801
8 17 0.00257191560019
8 18 0.00202079082872
8 23 0.00166418068247
8 24 0.00148900376853
8 27 0.00176819197513
8 28 0.00145082418472
8 30 0.00171461040012
8 31 0.00226328572816
9 1 0.00195110838635
9 2 0.0059410766169
9 3 0.00257191560019
9 7 0.00157172620011
9 8 0.00246009318279
9 10 0.00269438777162
9 11 0.00217623627708
9 12 0.00217623627708
9 13 0.00226328572816
9 14 0.00257191560019
9 15 0.00161663266297
9 17 0.00269438777162
9 18 0.00246009318279
9 23 0.00226328572816
9 24 0.00152924711362
9 25 0.00148900376853
9 26 0.00145082418472
9 27 0.00195110838635
9 28 0.00376614538352
9 29 0.00226328572816
9 30 0.00188607144014
9 31 0.00314345240023
10 1 0.00148900376853
10 2 0.00217623627708
10 3 0.00195110838635
10 8 0.00257191560019
10 11 0.00209563493349
10 12 0.00209563493349
10 13 0.00226328572816
10 14 0.00246009318279
10 15 0.0014145535801
10 16 0.00161663266297
10 17 0.00235758930017
10 18 0.00188607144014
10 23 0.00195110838635
10 24 0.00176819197513
10 27 0.00166418068247
10 28 0.00145082418472
10 29 0.00257191560019
10 30 0.00182523042594
10 31 0.00246009318279
11 1 0.00138005227327
11 2 0.00209563493349
11 3 0.00166418068247
11 8 0.00182523042594
11 13 0.00161663266297
11 14 0.00176819197513
11 17 0.00209563493349
11 18 0.00161663266297
11 23 0.00161663266297
11 24 0.00138005227327
11 27 0.00152924711362
11 30 0.00148900376853
11 31 0.00176819197513
12 1 0.00171461040012
12 2 0.00195110838635
12 3 0.00282910716021
12 8 0.00182523042594
12 10 0.00209563493349
12 11 0.00166418068247
12 13 0.00269438777162
12 14 0.00176819197513
12 15 0.00152924711362
12 16 0.00148900376853
12 17 0.00209563493349
12 18 0.00195110838635
12 20 0.0014145535801
12 23 0.00226328572816
12 24 0.00138005227327
12 26 0.00145082418472
12 27 0.00195110838635
12 28 0.00202079082872
12 29 0.00209563493349
12 30 0.00176819197513
12 31 0.00235758930017
13 1 0.00176819197513
13 2 0.00202079082872
13 3 0.00226328572816
13 8 0.00202079082872
13 11 0.00161663266297
13 14 0.00209563493349
13 15 0.0014145535801
13 17 0.00217623627708
13 18 0.00235758930017
13 22 0.00138005227327
13 23 0.00282910716021
13 24 0.0014145535801
13 26 0.00157172620011
13 27 0.00176819197513
13 28 0.00161663266297
13 30 0.00182523042594
13 31 0.00332836136495
14 1 0.00145082418472
14 2 0.00195110838635
14 3 0.00217623627708
14 8 0.00182523042594
14 11 0.00176819197513
14 13 0.00209563493349
14 15 0.00138005227327
14 17 0.00226328572816
14 18 0.00226328572816
14 23 0.00195110838635
14 24 0.00145082418472
14 27 0.00161663266297
14 28 0.0014145535801
14 30 0.00176819197513
14 31 0.00314345240023
15 1 0.00157172620011
15 3 0.00171461040012
15 8 0.0014145535801
15 13 0.0014145535801
15 14 0.00138005227327
15 17 0.00202079082872
15 18 0.00217623627708
15 19 0.00148900376853
15 20 0.00209563493349
15 21 0.00182523042594
15 22 0.00182523042594
15 24 0.00202079082872
15 26 0.00176819197513
15 27 0.00166418068247
15 28 0.00161663266297
15 30 0.00226328572816
15 31 0.00182523042594
16 1 0.00145082418472
16 3 0.00166418068247
16 8 0.00145082418472
16 10 0.00161663266297
16 12 0.00148900376853
16 13 0.00145082418472
16 14 0.0014145535801
16 15 0.00226328572816
16 17 0.00209563493349
16 18 0.00195110838635
16 20 0.00148900376853
16 21 0.0014145535801
16 22 0.0014145535801
16 24 0.00246009318279
16 25 0.00188607144014
16 26 0.00182523042594
16 27 0.00145082418472
16 29 0.00182523042594
16 30 0.00217623627708
16 31 0.00176819197513
17 1 0.00188607144014
17 2 0.00188607144014
17 3 0.00246009318279
17 8 0.00257191560019
17 11 0.00209563493349
17 13 0.00217623627708
17 14 0.00226328572816
17 15 0.00202079082872
17 18 0.00314345240023
17 22 0.00138005227327
17 23 0.00202079082872
17 24 0.00176819197513
17 26 0.00157172620011
17 27 0.00257191560019
17 28 0.00182523042594
17 30 0.00226328572816
17 31 0.00297800753706
18 1 0.00188607144014
18 2 0.00176819197513
18 3 0.00246009318279
18 8 0.00202079082872
18 11 0.00161663266297
18 13 0.00235758930017
18 14 0.00226328572816
18 15 0.00217623627708
18 17 0.00314345240023
18 20 0.00145082418472
18 21 0.00138005227327
18 22 0.00161663266297
18 23 0.00188607144014
18 24 0.00188607144014
18 26 0.00176819197513
18 27 0.00217623627708
18 28 0.00182523042594
18 30 0.00297800753706
18 31 0.00435247255416
19 3 0.00161663266297
19 15 0.00148900376853
19 20 0.00269438777162
19 21 0.00171461040012
19 22 0.00182523042594
19 24 0.00157172620011
19 26 0.00217623627708
20 3 0.00166418068247
20 15 0.00209563493349
20 18 0.00145082418472
20 19 0.00269438777162
20 21 0.00188607144014
20 22 0.00217623627708
20 24 0.00161663266297
20 26 0.00226328572816
20 30 0.00157172620011
20 31 0.0014145535801
21 3 0.0014145535801
21 22 0.00217623627708
21 24 0.00195110838635
21 26 0.00246009318279
21 27 0.00138005227327
21 28 0.0014145535801
21 30 0.00148900376853
21 31 0.00148900376853
22 3 0.00157172620011
22 21 0.00217623627708
22 24 0.00182523042594
22 26 0.00332836136495
22 30 0.00166418068247
22 31 0.00157172620011
23 3 0.00269438777162
23 26 0.0014145535801
23 27 0.00157172620011
23 28 0.00152924711362
23 30 0.00152924711362
23 31 0.00269438777162
24 3 0.00161663266297
24 21 0.00195110838635
24 22 0.00182523042594
24 26 0.00217623627708
24 30 0.00209563493349
24 31 0.00342212518639
25 1 0.00152924711362
25 3 0.00176819197513
25 13 0.00138005227327
25 14 0.0014145535801
25 15 0.00161663266297
25 16 0.00188607144014
25 17 0.00145082418472
25 18 0.00171461040012
25 19 0.00195110838635
25 20 0.00188607144014
25 21 0.00235758930017
25 22 0.00235758930017
25 24 0.00226328572816
25 26 0.00377214288027
25 27 0.00138005227327
25 29 0.00145082418472
25 30 0.00188607144014
25 31 0.00176819197513
26 3 0.00195110838635
26 30 0.00195110838635
26 31 0.00195110838635
27 3 0.00195110838635
27 28 0.00269438777162
27 30 0.00182523042594
27 31 0.00246009318279
28 3 0.00188607144014
28 30 0.00157172620011
28 31 0.00202079082872
29 1 0.00148900376853
29 2 0.00176819197513
29 3 0.00226328572816
29 8 0.00217623627708
29 10 0.00257191560019
29 11 0.00195110838635
29 12 0.00209563493349
29 13 0.00188607144014
29 14 0.00182523042594
29 15 0.00176819197513
29 16 0.00182523042594
29 17 0.00257191560019
29 18 0.00235758930017
29 22 0.00138005227327
29 23 0.00166418068247
29 24 0.00235758930017
29 25 0.00145082418472
29 26 0.00148900376853
29 27 0.00176819197513
29 28 0.00171461040012
29 30 0.00209563493349
29 31 0.00226328572816
30 3 0.00235758930017
30 31 0.00257191560019
31 3 0.00282910716021
